BlaI	BlaZ	CHIPS	Cna	EdinB	EtD	Fib	GapA	Hla	Hld	HlgA	HlgB	HlgC	IsaB	KatA	LukD	LukE	LukG	LukH	PBP2A	Nuc	PSMa1	PSMa4	LukF	LukS	Sak	SarA	Sbi	SCIN	SdrD	SEA	SEC	Spa	SplB	SspA_V8	ScpA	TSST1
0,12	0,01	0	0,05	0	0	0,06	0,22	0	6,9	0,01	0	0,04	0,02	0,02	0	0	0,05	0,01	0	0,2	1,25	0	0,14	0,09	0,03	0,11	0,12	0,16	0,02	0,02	0	0,06	0	0,01	0	0
0	0,05	0,36	0	0	0	0,2	0,35	0,57	61,03	0,04	0	0,02	0,02	0,02	0	0	0,8	0,16	0,03	0,7	8,4	0,04	13,43	8,75	0,06	0,18	0,24	0,41	0	0	0	0,05	0,18	0,03	0,39	0
0,11	0,01	0	0	0,4	0,33	0,14	0,38	0,24	22,64	0,02	0,01	0,24	0,01	0,03	0	0	0,18	0,04	0,01	0,46	3,12	0,02	1,09	0,77	0,03	0,16	0,14	0,28	0,04	0	0	0,03	0,01	0,02	0,13	0
0	0	0,43	0	0	0	0,33	0,39	0,91	22,02	0	0	0,15	0,19	0,03	0	0	0,24	0,04	0	0,13	1,43	0	0	0	0,04	0,22	0,22	0,71	0,23	0	0	0,28	0	0	0,09	0
0,13	0,01	0	0	0	0	0,43	0,33	0,13	9,42	0	0	0	0,09	0,03	0	0	0,07	0,02	0	0,18	1,91	0,01	0	0	0,02	0,17	0,25	0,27	0,26	0	0	0,1	0,01	0,01	0	0
0,11	0,02	0	0	0,55	0,57	0,15	0,33	0,29	36,62	0,02	0,01	0,52	0,04	0,01	0	0	0,23	0,06	0	0,6	5,23	0,03	1,79	1,21	0,05	0,17	0,13	0,33	0,03	0	0	0,03	0,02	0,02	0,23	0
0,1	0,01	0,06	0,06	0	0	0,06	0,17	0,39	35,23	0	0	0,18	0	0,01	0	0	0	0	0	0,45	5,34	0,02	1,19	0,93	0	0,09	0,26	0,33	0,09	0	0	0,11	0	0,03	0	0
0,16	0,02	0,11	0	0	0	0	0,35	0,4	86,47	0	0	0	0	0,04	0	0	0	0,01	0	0,04	29,1	0,09	0	0	0,03	0,44	0,13	0,3	0	0	0,67	0	0	0,04	0,29	0
0,09	0,02	0	0	0	0	1,73	0,34	0,29	12,34	0,07	0,01	0,38	0,1	0,02	0	0	0,64	0,1	0	0,42	1,02	0	0	0	0	0,23	5,68	0	0,11	0	0	0,74	0	0	0	0
0,13	0,03	0,19	0	0,67	0	0,1	0,28	0	35,65	0,07	0,01	1,12	0,02	0,01	0	0	0,5	0,12	0	0,38	0,74	0	0	0	0,06	0,26	0,25	0	0,14	0	0	0	0,25	0,02	0	0
0,12	0,02	0,11	0	0	0	0,28	0,34	0,47	19,39	0,02	0	0,21	0,04	0,03	0	0	0,27	0,05	0	0,79	2,25	0,01	0	0	0	0,22	0,24	0,62	0,11	0	0	0,27	0,08	0,02	0,17	0
0	0	0,11	0	0	0	0,75	0,23	0,04	3,43	0,01	0	0,05	0,05	0,01	0	0	0,12	0,03	0	0,18	2,31	0,01	0	0	0	0,23	0,41	0,48	0,1	0	0	0,11	0,01	0,01	0	0
0	0,02	0	0	0	0	0,21	1,35	2,98	53,74	0,02	0,04	0,06	0	0	0	0	0,09	0,01	0	0	0	0,04	0,05	0,04	0,2	0,01	0,61	1,05	1,49	0	0	1,17	0	0	0	0
0	0	0	0,04	0	0	0,11	0,51	0,05	1,01	0,01	0	0,05	0,03	0,02	0	0	0,06	0,01	0	0,47	0	0	0	0	0	0,17	0,2	0,45	0,03	0	0,13	0,17	0	0	0	0
0	0,02	0,43	0,04	0	0	0,11	0,93	1,56	83,14	0,03	0,02	1,1	0	0,14	0	0	0	0,02	0	1,49	18,12	0,07	0	0	0	0,4	0,2	0,87	0	0	0	0	0	0,24	0,39	0
0,14	0,01	0,19	0	0	0	0,2	0,71	0,34	17,57	0,02	0	0,19	0,05	0,03	0	0	0,24	0,03	0	0,77	1,35	0,01	1,16	1,47	0	0,19	0,19	0,39	0,05	0,01	0	0,18	0,02	0,02	0,11	0
0,24	0,03	0	0,02	0	0	0,11	0,63	0,64	67,81	0,02	0,01	0,74	0,07	0,06	0,01	0	1,09	0,12	0	0,88	35,93	0,1	3,61	3,65	0,13	0,26	0,47	0,62	0,02	0	0	0	0	0,12	0	0
0,14	0,02	0,26	0	0	0	0,22	0,78	0,61	39,83	0	0	0	0,06	0,06	0	0	0,34	0,06	0	1,12	1,62	0,01	4,26	5,54	0	0,32	0,2	0,53	0,07	0,02	0	0,18	0,1	0,04	0,2	0
0,22	0	0	0,02	0	0	0,09	0,83	1,12	94,6	0,02	0,01	0,48	0,04	0,06	0	0	1,31	0,1	0	0,48	29,36	0,08	6,33	6,49	0,07	0,42	0,14	0,49	0,03	0	0	0	0	0,1	0,71	0
0,16	0,04	0,27	0,07	0	0	0,18	0,7	0	21,48	0,03	0,01	1,24	0	0,03	0	0	0	0,03	0	0,3	3,62	0,01	0	0	0,1	0,32	0,16	0,64	0,13	0,02	0	0,18	0	0,02	0,17	2,03
0,16	0,02	0	0	1,63	1,13	0,2	0,77	0,5	43,23	0,02	0,01	1,09	0,06	0,05	0,03	0,04	0,29	0,06	0	1,02	8,71	0,04	4,82	5,03	0,08	0,3	0,13	0,52	0,03	0	0	0,02	0,2	0,25	0,5	0
0,16	0,11	0	0,07	0	0	0,21	0,46	0,69	226,86	0,01	0	0,71	0,31	0,05	0	0	0,48	0,07	0	1,9	56,27	0,12	0	0	0,12	0,22	0,13	0,43	0	0	0	0	0,5	0,23	0,33	0
0,18	0,03	0	0,03	0,85	0	0	0,57	0,75	84,39	0	0,02	0	0,08	0,13	0	0	0	0,09	0	1,73	3,65	0,03	13,89	13,71	0,13	0,4	0,14	0,69	0	0	0	0	0	0,68	0,84	0
0,15	0,02	0,26	0	0	0	0	0,35	0,25	16,17	0	0	0	0	0,04	0	0	0	0,04	0	0,73	1,26	0,01	0	0	0	0,18	0,3	1,26	0	0	0,76	0,32	0	0,07	0,12	0
0,14	0,01	0,52	0	0	0	0,9	0,41	0	0	0,01	0	0,11	0,39	0,08	0	0	0,16	0,02	0	1,21	0	0	0	0	0,52	0,22	1,38	0,1	1,25	0	0	2,47	0	0	0,02	0
0,12	0,01	0,24	0	0	0	0,2	0,71	0,35	18,17	0	0	0,13	0,17	0,07	0	0	0,11	0,02	0	1,03	0,52	0,01	0	0	0,1	0,27	0,27	0,48	0,48	0	0	0,88	0	0	0,09	0
0,17	0,02	0,2	0	0	0	0,11	0,17	0,04	4	0,01	0	0,03	0,04	0,02	0	0	0,09	0,02	0	0,98	1,5	0,01	0	0	0	0,06	0,32	0,64	0,18	0	0	0,29	0	0,01	0	0
0,18	0,02	0,69	0,11	0	0	0,28	0,15	0,01	17,66	0,03	0	0,39	0,07	0,02	0	0	0,24	0,05	0	1,17	1,01	0	0	0	0,05	0,07	0,26	0,05	0	0	0	0	0	0,02	0,15	0
0,13	0,05	0,29	0,12	0	0	0,13	0,57	0,53	46,67	0,02	0,01	0,78	0	0,04	0	0	0	0,04	0	1,31	1,78	0,01	2,7	3,15	0,03	0,24	0,31	0,52	0,22	0	0	0,05	0	0,08	0	0
0,17	0,02	0,42	0,02	0	0	0,02	0,49	1,61	50,67	0,04	0,01	0,63	0	0,08	0	0	0	0	0	0,35	21,58	0,05	0	0	0	0,22	0,1	0,3	0	0	0	0,01	0	0	0,26	0
0,16	0,04	0	0,02	0,52	0	0	0,38	1,52	124,05	0	0	0	0,08	0,08	0,1	0	0	0,1	0	1,19	18,72	0,07	5,29	6,28	0,08	0,26	0,1	0,39	0,1	0	0	0	0	0,36	0,98	0
0,11	0,01	0,14	0	0	0	0,19	0,58	0,13	4,12	0	0	0,07	0,07	0,04	0	0	0,05	0,01	0,01	0,46	0,56	0	0	0	0,04	0,22	0,25	0,3	0,28	0	0	0,32	0	0,01	0	0
0,16	0,01	0,15	0,03	0	0	0,04	0,74	0,83	26,88	0,01	0	0,12	0	0,04	0	0	0	0	0	0,61	5,17	0,01	0	0	0	0,21	0,12	0,28	0,03	0	0	0,03	0	0,02	0,13	0
0,21	0,04	0,15	0	0	0	0	0,38	0,23	64,85	0	0	0	0	0,08	0	0	0	0,03	0	0,53	8,01	0,03	0	0	0,09	0,17	0,15	0,36	0	0	1,15	0,08	0	0,11	0	0
0,24	0,01	0	0,04	0	0	0,09	0,3	0,04	15,13	0,01	0	0,08	0,03	0,04	0	0	0,05	0,02	0	0,66	1,7	0,01	0	0	0,05	0,1	0,12	0,29	0	0,04	0	0,03	0,01	0,02	0	0
0,19	0	0,1	0	0	0	0,24	0,3	0,51	28,18	0	0	0,09	0,38	0,06	0	0	0,08	0,02	0	1,88	0	0	0	0	0,12	0,11	0,28	0,05	2,44	0	0	0	0	0	0	0
0,27	0,06	0,71	0,04	0	0	0,28	0,31	1,2	73,87	0,06	0	1,38	0,11	0,06	0	0	0,28	0,08	0	1,06	5,61	0,04	0	0	0,16	0,14	0,38	1,6	0,92	0	2,42	0,32	0	0,04	0,4	0
0,18	0,05	0	0	2,42	1,36	0,24	0,24	0,96	46,87	0,03	0,01	0,9	0,07	0,03	0	0	0,29	0,06	0,02	2,5	2,7	0	2,34	3,24	0,18	0,12	0,19	0,81	0,06	0	0	0,06	0,13	0,1	0,49	0
0	0	0,22	0,05	0	0	0,04	0,54	3,05	111,91	0,03	0	0,61	0	0,1	0	0	0	0,01	0	1,87	30,58	0,1	0	0	0	0,24	0,14	0,06	0	0	0	0	0	0,07	0,28	0
0,26	0,03	0	0,04	0	0	0,16	0,5	0,08	47,25	0,01	0	0,25	0,03	0,08	0,01	0,02	0,17	0,05	0	0,76	7,98	0,03	0	0	0,08	0,28	0,16	0,38	0	0,06	0	0	0,04	0,05	0,19	0
0,18	0,07	0	0,05	0,81	0	0	0,56	2,1	165,15	0	0,06	0	0,09	0,22	0,05	0	0	0,09	0	2,03	20,43	0,1	6,44	9,49	0,12	0,35	0,31	0,53	0,79	0	0	0	0	0,49	0,19	0
0,21	0,06	0,23	0	1,97	1,42	0,06	0,36	1,21	85,71	0,08	0	0	0	0,07	0,08	0	0,06	0,11	0	2,46	10,3	0,04	0	0	0,1	0,26	0,12	0,57	0	0	0	0	0	1,12	0,63	0
0,19	0	0,08	0	0	0	0,1	0,26	0	0	0	0	0	0,08	0,06	0	0	0,03	0,01	0	0,72	0	0	0	0	0,07	0,1	0,38	0,6	0	0,02	0	0,04	0	0,02	0	0
0,25	0	0	0,02	0	0	0,08	0,12	0,27	18,18	0,01	0	0,21	0,05	0,03	0	0	1,82	0,06	0	1,2	17,78	0,06	0	0	0,1	0,04	0,34	0,58	0,51	0	0	0,01	0	0	0	0
0,12	0,02	0	0	0	0	0,18	0,42	0,34	16,78	0	0	0,02	0,08	0,05	0	0	0,02	0	0	0,67	3,37	0,03	0,03	0,04	0,03	0,12	0,19	0,33	0,67	0	0	0,55	0	0,01	0	0
0,29	0,03	0	0,04	0	0	0,05	0,29	2,62	84,79	0	0	0,25	0,05	0,07	0,14	0	2,24	0,08	0	1,18	8,28	0,03	5,47	6,77	0,12	0,17	0,13	0,39	0,05	0	0	0	0	0,17	0,43	0
0,13	0,02	0,85	0	0	0	0,23	0,32	0,63	191,62	0	0	0	0,09	0,06	0,56	0	0	0,24	0	1,04	13,64	0,07	17,09	18,12	0,09	0,45	0	1,19	0	0	0	0	0	0,32	0,42	0
0,1	0,02	0,26	0,06	0,73	0	0	0,55	1,11	226,66	0	0,04	0	0,12	0,11	0,2	0	0	0,16	0	0,95	24,05	0,1	12,04	12,58	0,07	0,4	0,32	1,36	0,32	0	0	0,11	0	0,27	0,51	0
0	0	0	0	0	0	0,45	0,51	0,41	160,7	0,02	0	0,52	0,18	0,06	0	0	0,49	0,14	0	1,12	11,75	0,06	0	0	0,07	0,39	0	0,27	0	0	0	0,04	0,09	0,17	0,18	0
0,12	0,01	0	0	0	0	0,07	0,42	1,43	142,29	0,01	0	0,48	0,06	0,04	0	0	0,63	0,12	0	0,67	8,42	0,03	8,61	9,08	0,05	0,21	0,13	0,41	0	0	0	0	0	0	0,3	0
0,14	0,01	0,45	0,01	0	0	0,23	0,55	0	27,16	0,04	0,01	0,31	0	0,05	0	0	0	0,08	0	0,8	46,91	0,13	1,49	1,5	0,05	0,33	0,6	1,14	0,16	0	0	0,06	0	0,03	0,15	0
0,12	0,03	0	0,06	0	0	0,13	0,48	0,8	101,36	0,01	0,01	0,55	0	0,04	0	0	0	0,08	0	1,16	11,86	0,04	0	0	0	0,32	0	0	0,45	0	0	0,08	0	0	0,1	0
0,1	0,01	0,09	0	0	0	0	0,57	0,24	128,2	0	0	0	0	0,04	0	0	0	0,04	0	0,2	19,95	0,07	0	0	0,04	0,28	0,24	0,21	0,06	0	0	0,09	0	0,05	0,02	0
0,14	0,02	0	0,06	0	0	0,13	0,57	0,49	70,72	0,02	0,01	0,43	0,05	0,03	0	0	0,44	0,09	0,04	0,49	5,11	0,02	2,77	2,85	0,07	0,24	0,25	0,56	0,1	0	0	0,09	0	0,07	0,32	0
0	0	0	0	0,07	0,07	0,2	0,5	0	0	0	0	0,02	0,06	0,02	0	0	0,03	0,01	0	0,17	0	0	0,03	0,04	0,02	0,15	0,31	0,33	0,06	0	0	0,08	0	0	0	0
0,1	0,04	0,37	0,08	0	0	0,18	0,53	0,06	13,29	0,03	0,01	0,27	0	0,02	0	0	0	0,04	0	0,35	1,53	0,01	0	0	0,02	0,22	0,17	0,87	0,11	0,02	0	0,34	0	0,01	0,19	0,86
0,1	0,05	0,38	0	0	0	0,23	0,49	0,4	68,06	0,03	0	0,01	0,05	0,04	0	0	0,57	0,12	0	0,99	4,57	0,03	6,69	8,43	0	0,28	0,26	0,5	0,04	0	0	0,18	0,11	0,03	0,4	0
0,09	0,05	0,31	0,12	0	0	0,17	0,95	0,07	14,29	0,02	0,01	0,18	0	0,04	0	0	0	0	0	0,44	1,66	0,01	0	0	0,02	0,32	0,05	0,89	0,11	0,01	0	0,19	0	0,01	0,53	0,78
0,14	0,02	0	0,02	0,5	0	0	0,47	0,89	126,03	0	0,01	0	0,07	0,14	0	0	0	0,08	0	0,81	16,62	0,06	7,8	6,09	0,06	0,3	0,17	0,48	0	0	0	0,04	0	0,26	0,24	0
0,19	0,07	0	0,03	1,62	0	0	0,47	1,63	298,71	0,02	0,15	0	0,11	0,17	0	0	0	0,13	0	1,54	30,45	0,11	33,14	24,19	0,08	0,46	0,5	0,89	0,16	0	0	0	0	1,08	0,5	0
0	0	0,16	0,14	0	0	0,13	0,52	0,21	24,4	0,02	0	0,44	0	0,07	0	0	0	0,02	0	1,04	1,25	0,01	1,78	1,29	0,02	0,29	0,16	0,65	0,11	0,02	0	0,14	0	0,03	0,21	0
0,14	0,02	0	0,12	0	0	0,1	0,45	0,23	39,97	0,01	0	0,33	0,08	0,07	0	0	0,37	0,06	0	0,77	3,19	0,02	0	0	0,06	0,3	0,07	0,34	0,01	0	0	0,03	0,09	0,15	0,37	0
0,08	0	0	0	0	0	0,1	0,42	0	0	0	0	0,03	0,04	0,03	0	0	0,06	0,01	0	0,13	0	0	0	0	0,01	0,16	0,31	0,5	0	0	0	0,34	0	0	0	0
0,14	0,02	0	0	0	0	0,03	0,4	0,68	31,26	0	0	0,2	0,02	0,05	0	0	0,38	0,04	0	0,83	5,26	0,03	10,6	7,04	0,06	0,29	0,07	0,35	0,09	0	0	0	0	0,08	0	0
0,15	0,02	0	0,02	0,16	0	0	0,58	0,22	55,57	0	0,07	0	0,05	0,13	0	0	0	0,03	0	0,24	10,23	0,06	3,37	2,36	0,03	0,5	0,26	0,17	0,08	0	0	0	0	0,08	0,02	0
0,09	0,01	0	0	0	0	0,22	0,33	0,94	49,7	0,07	0,02	2,52	0,04	0,06	0,14	0,2	1,09	0,16	0	0,63	5,94	0,06	0	0	0	0,17	0,8	0	0	0	0	0	0,2	0,07	0	0
0,13	0,02	0	0,06	0	0	0,1	0,48	0,02	20,04	0,01	0,01	0,11	0,08	0,04	0,01	0,01	0,12	0,03	0	0,48	1,62	0,01	0,98	0,82	0,03	0,17	0,21	0,27	0,03	0,05	0	0,07	0	0,02	0	0
0,1	0,02	0	0	0	0	0,08	0,35	1,27	93,23	0,05	0,24	1,76	0,08	0,02	0,2	0	1,12	0,23	0	1,69	12,8	0,04	0	0	0	0,14	0,45	0	0	0	0	0	0,37	0,03	0,22	0
0,09	0,03	0,05	0,13	0	0	0,1	0,61	0	29,77	0,01	0,06	0,32	0	0,03	0	0	0	0	0	1,51	2,02	0	0,85	0,54	0,03	0,23	0,14	0,64	0,36	0	0	0,37	0	0,02	0,19	0
0	0,04	0,13	0,03	0	0	0,03	0,5	1,63	137,62	0	0,15	1,22	0	0,04	0	0	0	0	0	1,6	12,38	0,03	17,56	11,12	0,06	0,34	0,19	0,57	0	0	0	0	0	0,63	0,29	0
0	0	0,67	0	0	0	0,06	0,97	0,54	37,9	0,05	0,36	0,48	0,03	0,02	0	0	0,12	0,04	0	0,63	4,09	0,03	0	0	0,08	0,47	0,07	1,02	0,01	0	0,83	0	0	0,1	1,03	0
0	0,02	0,19	0,04	0	0	0,12	0,42	0	49,77	0,03	0,12	1,14	0	0,02	0	0	0	0,04	0	1,8	3,93	0,02	14,51	5,49	0,04	0,27	0,13	0,56	0,08	0	0	0,04	0	0,06	0,76	0
0,06	0,02	0	0,02	0,35	0	0	0,46	1,24	76,18	0	0,21	0	0,13	0,05	0	0	0	0,05	0	1,08	8,75	0,04	11,49	4,65	0,06	0,31	0,07	0,37	0	0	0	0	0	0,33	1,62	0
0	0	0,07	0	0	0	0,08	0,42	0,08	1,09	0	0,01	0,06	0,15	0,04	0	0	0,12	0,02	0	0,49	0,05	0	0,26	0,1	0,09	0,21	0,18	0,38	0,03	0	0	0,21	0	0	0	0
0	0	0	0,04	0	0	0,12	0,47	0,99	70,04	0,05	0,34	1,86	0,05	0,04	0,89	0,81	1,05	0,25	0	1,1	6,5	0,03	0	0	0,04	0,29	0,26	0,69	0,01	0,09	0	0	0,16	0,1	0,25	0
0	0	0,19	0	0	0	0,16	0,44	0,74	101,92	0,03	0,17	1,73	0,08	0,04	0	0	0,94	0,18	0	0,84	19,36	0,07	0	0	0,04	0,21	0,17	0,38	0	0	0	0	0,64	0,1	0,31	0
0,09	0,05	0,22	0,03	0	0	0,09	0,14	0	17,88	0,03	0,08	1,23	0,06	0,01	0	0	0,21	0,04	0	0,44	1,48	0	0	0	0,06	0,1	0,07	0,54	0,06	0,02	0	0,06	0	0,02	0,37	0
0,12	0	0	0	0	0	0,04	0,68	2,73	201,5	0,16	0,4	0,52	0,07	0,03	0	0	0,2	0,04	0	1,91	52,4	0,22	0	0	0	0,4	0,06	0	0	0	0	0	0,01	5,02	1,7	0
0	0	0	0	0	0	0,12	0,22	0,44	33,69	0,03	0,08	1,23	0,05	0,02	0,16	0,42	0,65	0,17	0,07	0,56	8,54	0,02	0	0	0,01	0,16	0,19	0,36	0	0,05	0	0	0,72	0,04	0	0
0	0	0	0	0,8	0,62	0,12	0,39	0,37	24,2	0,03	0,08	0,77	0,07	0,01	0,03	0,06	0,28	0,05	0	0,84	3,15	0,01	2,83	1,08	0,04	0,23	0,07	0,29	0	0	0	0,01	0,1	0,09	0,93	0
0	0,05	0	0,07	0	0	0,14	0,26	0,01	16,42	0,02	0,44	4,14	0	0,01	0	0	0	0,02	0	0,71	3,26	0,01	0	0	0	0,14	0,11	0	0,06	0	0	0,09	0	0,03	0,86	0,81
0	0,05	0,07	0	0	0	0	0,37	1,76	176,78	0,03	0,08	0	0	0,06	0	0	0	0,08	0	0,59	32,51	0,07	0	0	0,07	0,25	0,17	0,39	0,22	0	2,55	0	0	0,29	0,62	0
0	0,02	0,16	0,06	0	0	0,07	0,57	0,44	23,39	0,04	0,07	0,24	0	0,03	0	0	0	0	0	0,65	8,86	0,03	0	0	0	0,17	0,47	0,1	0,03	0	0	0,02	0	0,02	0,23	0
0,12	0,05	0	0,02	0,7	0	0	0,43	1,36	155,18	0	0	0	0,16	0,07	0	0	0	0,13	0	1,57	8,66	0,05	26,48	18,22	0,08	0,29	0,36	0,81	0	0	0	0	0	0,75	0,46	0
0,01	0,01	0,07	0	0	0	0,11	0,3	0,1	2,43	0,01	0,01	0,12	0,06	0,02	0	0	0,21	0	0	0,82	1,46	0	0	0	0	0,1	0,15	0,41	0,01	0	0	0,12	0,04	0,02	0,79	0
0,01	0,01	0,04	0	0	0	0,08	0,36	0,17	8,38	0,02	0,02	0,15	0,07	0,05	0	0	0,2	0,04	0	0,56	0,84	0,01	0	0	0,04	0,23	0,08	0,17	0,04	0	0	0	0	0,09	0,75	0
0,11	0,02	0	0	0	0	0,11	0,21	0,4	39,21	0,02	0,05	0,88	0,05	0,03	0,14	0,35	0,43	0,09	0,09	0,57	8,65	0,02	0	0	0	0,15	0,19	0,38	0	0,05	0	0	0,27	0,05	0,18	0
0,07	0,01	0	0,03	0	0	0,11	0,39	0,22	9,34	0,01	0,01	0	0,05	0,03	0,08	0	0	0,05	0,02	0,19	4,08	0,01	2,55	0,81	0,01	0,28	0,12	0,31	0,06	0	0	0,06	0	0	0,76	0
0	0,06	0,08	0,02	0	0	0,11	0,49	0,13	29,73	0	0,04	0,2	0	0,02	0	0	0	0	0	0,17	12,64	0,02	0	0	0	0,29	0,08	0,23	0,11	0,03	0	0,14	0	0,02	0,48	0,25
0	0	0,19	0,01	0	0	0,02	0,35	0,94	55,52	0,06	0,02	0	0	0,03	0	0	0	0	0	0,87	13,25	0,02	0	0	0	0,16	0,03	0,34	0	0	0	0	0	0,17	1,04	0
0	0,04	0	0	1,78	1,71	0,17	0,53	1,01	104,36	0,04	0,13	1,71	0,1	0,03	0,27	0,23	0,58	0,11	0,03	1,37	18,49	0,06	10,02	7,08	0,07	0,25	0,18	0,5	0,01	0	0	0,01	0,38	0,16	0,87	0
0,12	0,02	0	0,05	0	0	0,13	0,02	0,03	43,63	0,02	0,05	0,35	0,05	0,02	0	0	0,37	0,08	0	0,66	7,82	0,03	2,75	1,75	0,03	0,12	0,21	0,42	0	0,08	1,85	0,02	0,02	0,03	0	1,55
0,16	0,04	0,23	0	0,96	0,8	0,04	0,22	0,63	48,58	0,21	0,16	0	0	0,03	0	0	0	0	0	0,88	6,8	0,02	0	0	0,03	0,23	0,07	0,44	0	0	0	0	0	0,6	0,79	0
0	0	0	0,01	0,31	0	0	0,31	0,81	62,23	0	0	0	0,11	0,07	0	0	0	0	0	0,79	4,67	0,01	11,19	3,59	0,04	0,3	0,06	0	0	0	0	0	0	0,09	0,75	0
0,01	0,01	0,03	0	0	0	0,02	0,31	0,46	37,82	0,02	0,01	0,21	0,08	0,02	0	0	0,42	0,08	0,02	0,68	3,2	0	3,87	1,3	0,07	0,17	0,13	0,29	0	0	0	0,02	0,09	0,05	0,47	0
0	0	0	0	0,8	1,02	0,1	0,43	0,48	34,68	0,02	0,09	0,94	0,06	0,04	0,12	0,19	0,41	0,08	0	0,75	3,7	0,01	7,44	3,04	0,03	0,26	0,07	0,36	0,02	0	0	0	0,29	0,09	1,02	0
0	0,05	0	0,02	0,54	0	0	0,48	2,59	230,94	0	0,27	0	0,17	0,07	0	0	0	0,09	0	0,09	38,56	0,08	14,95	9,93	0,06	0,28	0,13	0,64	0,08	0	0	0	0	0,43	1,96	0
0,09	0,02	0,1	0,15	0	0	0,13	0,65	0,03	22,94	0,01	0,04	0,17	0	0	0	0	0	0	0	0,52	2,36	0,01	0,2	0,11	0,02	0,16	0,2	0,6	0,19	0,02	0	0,29	0	0,02	0,07	0
0,1	0,03	0,18	0,06	0	0	0,12	0,43	0,1	27,58	0,03	0,19	1,19	0	0,02	0	0	0	0	0	0,33	3,48	0,01	0	0	0,01	0,21	0,24	0,69	0,18	0,02	0	0,13	0	0,01	0,13	0
0	0,02	0	0	1,24	1,23	0,12	0,41	0,65	91,42	0,02	0,07	0,9	0,09	0,02	0,1	0,12	0,43	0,07	0,03	1,48	13,88	0,03	5,94	4,45	0,08	0,2	0,12	0,48	0	0	0	0	0,29	0,15	0,72	0
0	0	0,03	0	0	0	0	1,26	0	0	0	0,08	0	0	0,02	0	0	0,01	0,04	0	0,09	0	0	0	0	0	0,3	0,12	0,21	0,06	0	0	0,07	0	0,05	0,04	0
0	0,02	0	0	0	0	0,01	0,52	0,49	12,73	0,02	0,05	0,31	0,05	0,08	0,03	0,03	0,02	0	0	0,39	1,41	0	0	0	0	0,26	0,41	0	0,01	0	0	0	0,03	0,01	0,32	0
0,13	0,02	0	0	0	0	0,11	0,47	0,7	75,86	0,03	0,1	1,21	0,06	0,04	0,25	0,36	0,63	0,15	0,01	1,03	12,59	0,02	0	0	0,04	0,24	0,27	0,39	0	0,07	0	0	0,39	0,05	0	0
0	0,02	0,17	0,01	0	0	0,05	0,54	1,9	88,47	0,09	0,16	1,05	0	0,04	0	0	0	0	0	0,44	36,5	0,05	0	0	0	0,23	0,12	0,36	0,01	0	0	0	0	0,06	0,4	0
0,1	0,01	0,09	0	0	0	0,13	0,28	0	0	0,01	0,01	0,03	0	0,04	0	0	0,07	0,01	0	0,09	0	0	0	0	0,01	0,19	0,28	0,02	0	0	0	0,15	0	0	0	0
0,07	0,02	0	0,03	0	0	0,11	0,62	0	0	0,03	0,03	0,06	0,06	0,02	0	0	0,22	0,03	0	0,12	0	0	0,11	0,07	0	0,24	0,72	0	0,04	0	0	0,1	0	0	0,38	0
0,08	0,02	0,11	0	0	0	0,19	0,66	0,19	10,72	0,02	0,05	0,24	0,05	0,03	0	0	0,24	0,03	0	0,63	0,72	0	0,8	0,64	0	0,23	0,31	0,4	0,02	0,01	0	0,11	0,01	0,01	0	0
0	0,04	0	0,03	0,3	0	0	0,43	0,51	99,14	0	0	0	0,16	0,06	0,13	0	0	0,04	0	1,08	11,04	0,03	3,34	2,22	0,05	0,29	0,27	0,33	0,08	0	0	0,02	0	0,1	0,24	0
0,13	0,02	0	0,01	0	0	0,04	0,71	0,09	13,92	0,01	0,02	0,16	0,07	0,05	0	0	0,52	0,08	0	0,46	22,88	0,03	2,72	1,47	0,04	0,34	0,18	0,36	0,08	0	0	0	0	0,03	0,94	0
0,12	0,02	0	0,05	0	0	0,08	0,39	0,05	19,48	0,01	0,04	0,29	0,1	0,03	0,03	0,03	0,26	0,05	0	0,68	1,15	0	1,48	0,86	0,04	0,2	0,17	0,28	0	0,08	0	0,02	0,02	0,03	0	0
0	0	0	0,01	0,13	0	0	0,6	0,24	23,09	0	0,08	0	0,1	0,07	0,12	0	0	0	0	0,63	15,23	0,03	2,88	1,49	0,04	0,31	0,1	0,14	0,02	0	0	0	0	0,13	0,68	0
0	0	0	0	0	0	0,15	0,34	0,66	51,76	0,02	0,05	0,86	0,06	0,04	0,25	0,41	0,54	0,13	0,13	0,44	11,61	0,02	0	0	0,03	0,23	0,18	0,34	0	0,09	0	0	0,72	0,05	0,01	0
0,07	0,01	0,25	0	0	0	0,15	0,25	0,32	28,12	0,02	0,03	0,01	0,07	0	0	0	0,71	0,14	0	0,86	3,98	0,02	7,76	2,62	0,03	0,12	0,2	0,32	0	0	0	0,05	0,27	0,03	1,38	0
0,1	0,02	0	0,02	0	0	0,04	0,27	0,48	60,81	0,01	0,06	0,7	0,08	0,02	0,03	0,06	0,85	0,12	0	0,66	9,14	0,03	8,52	2,1	0,04	0,14	0,08	0,31	0	0	0	0	0	0,1	1,65	0
0	0,01	0,13	0,04	0	0	0,09	0,33	0	27,88	0,03	0,08	0,89	0	0,01	0	0	0	0	0	1,2	3,29	0,01	4,47	1,29	0,02	0,13	0,1	0,47	0,06	0	0	0,07	0	0,02	0,43	0
0,1	0,01	0,13	0	0	0	0,08	0,32	0,15	4,61	0,02	0,02	0,23	0,05	0,01	0	0	0,38	0,08	0	0,82	3,92	0,02	4,4	1,17	0	0,14	0,22	0,47	0,07	0	0	0	0,03	0,02	0,4	0
0	0	0,03	0,01	0	0	0,01	0,28	0,37	31,37	0,01	0,01	0,16	0	0,02	0	0	0	0	0	0,27	9,68	0,02	0	0	0	0,16	0,08	0,14	0	0	0	0,04	0	0,05	0,13	0
0,05	0,02	0,05	0	0	0	0,09	0,33	0,07	4,67	0,01	0,02	0,11	0,07	0,02	0	0	0,13	0,02	0	0,26	0,52	0	0	0	0	0,15	0,17	0,29	0,26	0	0	0,16	0	0	0	0
0,07	0,01	0,09	0	0	0	0,02	0,21	0,17	14,85	0,02	0,01	0,09	0,07	0,02	0,02	0,01	0,31	0,07	0,01	0,21	1,5	0	1,66	0,37	0,01	0,08	0,12	0,21	0	0	0	0,05	0,01	0,01	0,1	0
0,07	0,03	0,09	0,03	0	0	0,07	0,32	0,05	6,74	0,02	0,12	0,79	0	0,01	0	0	0	0	0	0,13	1,76	0	0	0	0	0,19	0,08	0,34	0	0,02	0	0,06	0	0	0,15	0
0,08	0	0	0	0,69	0,52	0,1	0,28	0,46	35,42	0,03	0,06	0,77	0,07	0,01	0,06	0,14	0,36	0,07	0,01	0,56	5,62	0,02	8,48	2,05	0,02	0,14	0,08	0,22	0	0	0	0,01	0,21	0,07	0,87	0
0,07	0,02	0,09	0,01	0	0	0	0,3	0,39	32,52	0	0,03	0	0	0,01	0	0	0,41	0,08	0	0,35	10,64	0,02	3,36	0,98	0,02	0,19	0,06	0,21	0,01	0	0	0	0	0,02	0,28	0,76
0	0,06	0	0	0	0	0,07	0,39	1,01	78,62	0,02	0,05	0,87	0,05	0,02	0,06	0	0,96	0,12	0	0,21	19,62	0,05	0	0	0,11	0,27	0,06	0,21	0	0	0	0	0,98	0,04	2,51	0
0	0,02	0	0	0	0	0,19	0,19	0	48,52	0,02	0,14	2,01	0,06	0,02	0,18	0,54	1,3	0,28	0	1,92	7,92	0,03	0	0	0,05	0,11	0,23	0,5	0	0	0	0	1,89	0,01	1,46	0
0,07	0	0,04	0	0	0	0,15	0,2	0,06	1,78	0,01	0,01	0	0,12	0,01	0	0	0,09	0,02	0	0,14	0,39	0	0	0	0,01	0,09	0,29	0,2	0,06	0	0	0,15	0	0	0	0
0	0	0,1	0	0	0	0,03	0,22	0,07	15,43	0,06	0,04	0,37	0	0,02	0	0	0	0	0	0,32	14,94	0,02	0	0	0	0,08	0,11	0,29	0	0	0	0	0	0,01	0,43	0
0	0	0,07	0	0	0	0,06	0,39	0	0	0	0	0	0,1	0,03	0	0	0,06	0,06	0	0,03	0	0	0	0	0,06	0,11	0,11	0	0,53	0	0	0,28	0	0	0	0
0	0	0	0	0	0	0,05	0,45	1,01	58,83	0	0,04	0,36	0,09	0,03	0,02	0,01	0,7	0,14	0	0,31	30,75	0,07	5,81	1,02	0,03	0,15	0,12	0,29	0	0	0	0	0	0,07	3,73	0
0,06	0,01	0,16	0,07	0	0	0,11	0,37	0,25	18,05	0,03	0,06	0,69	0	0,02	0	0	0	0	0	0,85	1,74	0	3,34	0,8	0,07	0,13	0,33	0,49	0,06	0	0	0,1	0	0,03	0	0
0,06	0,06	0,18	0,01	0	0	0,14	0,3	0,31	33,85	0,04	0,14	3,81	0	0,02	0	0	0	0,05	0	0,78	4,71	0,05	0	0	0,08	0,3	0,3	0,64	0	0,06	0	0,03	0	0,04	0,13	1,35
0,11	0,04	0	0	0,19	0	0	0,21	0	120,46	0	0,6	0	0,1	0,03	0,08	0,07	0	0	0	0,39	22,27	0,06	8,11	1,69	0,04	0,17	0,27	0,24	0,09	0	0	0	0	0,19	1,53	0
0,09	0,02	0,05	0	0	0	0,2	0,22	0,23	4,06	0,01	0	0,15	0,2	0,01	0,01	0,02	0,6	0,12	0	1,17	0,33	0	0	0	0	0,09	0,21	0,4	0,03	0	0	0,01	0,06	0,05	0,37	0
0	0	0,14	0,11	0	0	0,07	0,29	0	0,79	0,01	0	0,02	0	0,01	0	0	0	0	0	0,31	0,07	0	0	0	0,06	0,09	0	0,5	0,05	0	0	0,32	0	0	0,24	0
0,08	0,02	0	0	0	0	0,06	0,28	0,06	36,55	0,02	0,03	0,47	0,07	0,02	0,03	0,06	0,28	0,06	0,03	0,4	14,12	0,04	0	0	0	0,21	0,13	0	0	0	0	0	0,53	0,03	0,49	0
0,06	0,02	0,31	0	0	0	0	0,38	1,47	103,14	0,1	0,15	0	0	0,03	0	0	0	0,09	0	1,02	14,56	0,04	0	0	0,04	0,31	0,11	1,39	0	0	1,58	0	0	0,22	1,27	0
0,07	0,02	0,1	0	0,83	0,76	0,08	0,31	0,77	56,18	0,18	0,07	0	0	0,02	0,07	0,2	0	0	0	1,14	8,3	0,02	0	0	0,1	0,24	0,12	0,42	0	0	0	0,03	0	0,13	0,92	0
